0,1,2,3,4,5,correct,choiceA_probs,choiceB_probs,choiceC_probs,choiceD_probs
The Barkhausen criterion for an oscillator,Loop gain should be unity,Loop gain should be less than unity,The phase of a feedback signal with respect to input should be 0° or 360°,Both A and C,D,False,0.24999988027905568,0.24998271473891973,0.2500256307993559,0.24999177418266866
Potentiometer method of DC voltage measurement is more accurate than direct measurement using a voltmeter because,It loads the circuit moderately.,It loads the circuit to maximum extent.,It uses centre zero galvanometer instead of voltmeter.,It does not load the circuit at all.,D,True,0.24999606593667087,0.2499953506932122,0.24999201291746181,0.25001657045265513
Which of these sets of logic gates are designated as universal gates?,"NOR, NAND.","XOR, NOR, NAND.","OR, NOT, AND.","NOR, NAND, XNOR.",A,False,0.2500067947826167,0.24998366862155846,0.25001251704952127,0.24999701954630343
"A single phase one pulse controlled circuit has a resistance R and counter emf E load 400 sin(314 t) as the source voltage. For a load counter emf of 200 V, the range of firing angle control is",30° to 150°.,30° to 180°.,60° to 120°.,60° to 180°.,A,False,0.25000089338430764,0.250017821737026,0.25001162248892705,0.2499696623897392
A box which tells the effect of inputs on control sub system is known as,Data Box.,Logical box.,Decision box.,State box.,C,False,0.24999785419913717,0.2500054836445993,0.24999356273838247,0.25000309941788107
Two infinite parallel metal plates are charged with equal surface charge density of the same polarity. The electric field in the gap between the plates is,same as that produced by one plate.,double the field produced by one plate.,dependent on coordinates of field points.,zero.,D,False,0.24998921165785004,0.2500120999014662,0.24999779450364285,0.2500008939370409
The resistance in the circuit of the moving coil of a dynamometer wattmeter should be,Low.,Very low.,High.,Almost zero.,C,False,0.2499840262667057,0.2500007150579234,0.25000405294986067,0.2500112057255103
The following are the necessary requirements of an oscillator,Amplitude stability,Frequency stability,Power stability,Both A and B,D,False,0.2500156760994265,0.24999898630948483,0.25000804634292007,0.24997729124816875
The normal voltage used in directional heating is,1.5 KV.,15 KV.,33 KV.,66 KV.,A,True,0.2500230080698794,0.24998700614344982,0.24999773465208075,0.24999225113459006
LC oscillators are used for produce a waveform with frequency ranging from,1MHz to 500 MHz,100 KHz to 500 MHz,1 KHz to 1 MHz,1MHz to 100 GHz,A,True,0.25001251709181416,0.24999725800444417,0.2500046490085851,0.24998557589515658
A working diode must have,High resistance when forward or reverse biased,"Low resistance when forward biased, while high resistance when reverse bias","High resistance when forward biased, while low resistance when reverse bias",Low resistance when forward or reverse biased,B,False,0.24999606560993698,0.24999821135258826,0.2500251539109818,0.24998056912649302
What is the name of the fluorescent material that gives red colour fluorescence?,Zinc silicate.,Calcium silicate.,Zinc sulphide.,Magnesium silicate.,D,False,0.2500072122145263,0.24999433757135195,0.25000220533006207,0.24999624488405967
How many bits are required to store one BCD digit ?,1,2,3,4,D,False,0.24999356246878215,0.25001406677943355,0.24998283413919806,0.25000953661258624
Commutator in DC generator is used for,collecting of current,reduce losses,increase efficiency,convert AC armature current in to DC,D,False,0.2499979131228896,0.2499919527792202,0.25003081677728695,0.2499793173206032
1 F is theoretically equal to,1 ohm of resistance,ratio of 1 V to 1 C,ratio of 1 C to 1 V,none of these,C,True,0.24999928430014898,0.25000381428122465,0.2500193122056532,0.24997758921297306
How many entries will be in the truth table of a 3 input NAND gate ?,3,6,8,9,C,True,0.2499822977000543,0.24999254918321479,0.25001472243352274,0.2500104306832081
In decimal number system what is MSD,First digit from left to right,First digit from right to left,Middle digit,Mean of all digits,A,False,0.25001543724177544,0.24999946272095575,0.25001829845776186,0.2499668015795069
"In Digital Logic Designs, GAL is abbreviated as",General Advance Logic,General Array Logic,Generic Advance Logic,Generic Array Logic,D,False,0.24998426397162996,0.2500364798064809,0.24998879368053764,0.24999046254135152
Inintel 8085A microprocessor ALE signal is made high to,Enable the data bus to be used as low order address bus,To latch data D0-D7 from data bus,To disable data bus,To achieve all the functions listed above,A,False,0.24998849642178114,0.2499961255816622,0.2500039933966441,0.2500113845999125
For an SCR gate cathode characteristic is a straight line of 130. For triggered source volume of 15 V and allowable gate power dissipation of 0.5 W compute the gate source resistance?,111.9 ohm,11.19 ohm,108 ohm,115 ohm,A,False,0.24999982023890846,0.2499764563267706,0.2499888532327134,0.2500348702016076
The concept of V/f control of inverters driving induction motors resuls in,constant torque operation,speed reversal,reduced magnetic loss,hormonic elimination,A,False,0.2499991053572299,0.2500107880987646,0.2500172257610673,0.24997288078293822
"The energy stored in the magnetic field in a solenoid 30 cm long and 3 cm diameter wound with 1000 turns of wire carrying a current at 10 amp, is",0.015 joule.,0.15 joule.,0.015 joule.,1.15 joule.,B,True,0.24998843651190666,0.2500253924136927,0.24999725774693668,0.249988913327464
"While operating on variable frequency supplies, the AC motor requires variable voltage in order to",protect the insulation.,avoid effect of saturation.,improve the capabilities of the inverter.,protect thyristor from dV / dt.,B,False,0.250036121840253,0.2499693639060751,0.2500046480216959,0.249989866231976
Which of the following windings are necessary in case of all dc machines?,closed winding,lap winding,wave winding,open type winding,A,False,0.24999201260040466,0.24997794674938678,0.25001704700478483,0.25001299364542373
Relaxation Voltage controlled oscillators are used to generate,Sinusoidal wave,Triangular wave,Sawtooth wave,Both B and C,D,False,0.25002575002962113,0.2499999994970412,0.24998950929967642,0.24998474117366118
The supply frequency usually employed for high frequency eddy current heating is,1 KHz.,5 KHz.,10 MHz.,10 KHz to 400 KHz.,D,False,0.25000071518917333,0.2500085831485982,0.24999833100793042,0.24999237065429802
In the toggle mode a JK flip-flop has,"J = 0, K = 0.","J = 1, K = 1.","J = 0, K = 1.","J = 1, K = 0.",B,False,0.24998295295065645,0.25000464850334114,0.2500287303873576,0.2499836681586449
Electric drive is becoming more and more popular because,all of below.,it provide smooth and easy control.,it is cheaper in cost.,it is simple and reliable.,A,False,0.2499982709252736,0.2500254519328256,0.24999707884346511,0.24997919829843562
A step up chopper has input voltage 110 V and output voltage 150 V. The value of duty cycle is,0.32.,0.67.,0.45.,0.27.,B,False,0.2500010123759897,0.25000125079564794,0.24996882780933366,0.2500289090190287
A Binary number system has how many digits.,0,1,2,10,C,False,0.2500215176426873,0.25000864226282504,0.24999290658786527,0.24997693350662228
"Lowest critical frequency is due to pole and it may be present at the origin or nearer to the origin, then the type of network is",LC.,RL.,RC.,Any of the above.,C,False,0.25001150347967577,0.2500041122728928,0.24997359605538141,0.25001078819204997
Advantages of open loop control system is/are,simple and economical.,accurate.,reliable.,all of the above.,A,True,0.2500180009088715,0.24998247650672534,0.25000488728675707,0.2499946352976461
"The voltage induced in an inductor is represented as,",product of its inductance and current through it.,ratio of its inductance to current through it.,ratio of current through it to its inductance.,product of its inductance and rate of change of current through it.,D,True,0.2499827740056322,0.25000375427528504,0.24998134359681798,0.25003212812226483
"If a Hexadecimal number needs to convert to binary. For each hexadecimal digit, there will be how many bits",1,2,4,8,C,False,0.24998599302704622,0.25000578144355556,0.24999219163964115,0.250016033889757
Induction heating takes place in,conducting but non-magnetic materials.,conducting materials which may be either magnetic or non-magentic materials.,insulating materials.,conducting and magnetic materials.,B,True,0.25000524485972175,0.25001144394968206,0.2500076291069006,0.24997568208369564
In a lap winding dc machine number of conductors are 100 and number of parallel paths are 10. Find the average pitch,10,100,50,1,A,True,0.25001078855721737,0.24999791372987176,0.24998956928850363,0.25000172842440715
Magnetic flux has the unit of,Newton,Ampere turn,Weber,Tesla,C,False,0.2500123365633549,0.2500383268216957,0.24995345120406406,0.24999588541088538
"In balanced bridge, if the positions of detector and source are interchanged, the bridge will still remain balanced. This can be explained from which theorem",Reciprocity theorem,Thevinin's theorem,Norton's theorem,Compensation theorem,A,True,0.2500092983491382,0.24999451628446276,0.2500073909368408,0.2499887944295583
A D-flip-flop is said to be transparent when,the output is LOW,the output is HIGH,the output follows clock,the output follow input,D,True,0.2500011911469642,0.24996805300302655,0.2500011911469642,0.2500295647030451
A Lissajous pattern on an oscilloscope has 5 horinzontal tangencies and 2 vertical tangencies. The frequency of horizontal input is 100 Hz. The frequency of the vertical will be,500 Hz.,250 Hz.,400 Hz.,625 Hz.,B,False,0.2499935619630662,0.2499701986358,0.2500231268536135,0.2500131125475203
Speed control by variation of field flux results in,constant power drive.,constant torque drive.,variable power drive.,none of the above.,A,False,0.249997556017761,0.24999922493706997,0.24998754273586973,0.25001567630929933
Which of the following memories uses one transistor and one capacitor as basic memory unit,SRAM,DRAM,Both SRAM and DRAM,None,B,False,0.2499625100793445,0.2500063763679446,0.2499944554191604,0.2500366581335505
"What will be the number of lamps, each having 300 lumens, required to obtain an average illuminance of 50 lux on a 4m * 3m rectangular room?",2,4,5,6,A,True,0.25001466285850854,0.2500098942527318,0.2499903439199427,0.24998509896881702
"The output of the system has an effect upon the input quantity, then the system is a",open loop control system.,closed loop control system.,either A or B.,none of the above.,B,True,0.2499967812834713,0.25001132505258195,0.2499967812834713,0.24999511238047542
"A sinusoidal signal is analog signal, because",it can have a number of values between the negative and positive peaks,it is negative for one half cycle,it is positive for one half cycle,it has positive as well as negative values,A,False,0.2500112647221109,0.24997693325715464,0.24998480046812055,0.250027001552614
FM stands for,frequent modulation.,frequency modulation.,frequency moderator.,frequent moderator.,B,False,0.2500165703713652,0.25000441051360567,0.24998605263318258,0.2499929664818466
Stack is also known as,FIFO memory,Flash memory,LIFO memory,LILO memory,C,False,0.25000417229932703,0.25000345703267585,0.2500017880851147,0.2499905825828824
"In Ward-Leonard system, the lower limit of the speed imposed by",Field resistance.,Armature resistance.,Residual magnetism of the generator.,None of above.,C,True,0.24999409898690744,0.24998670829466166,0.2500146033415637,0.25000458937686715
Colpitts oscillator is also called as,Tank circuit oscillator,LC oscillator,Resonant circuit oscillator,All of the above,D,False,0.2500183581378541,0.2499685299617053,0.2500143047572365,0.2499988071432042
An SCR has half cycle surge current rating of 3000 A for 50 Hz supply. One cycle surge current will be,1500 A.,6000 A.,2121.32 A.,4242.64 A.,C,False,0.24996572865209188,0.24999362135795702,0.25001794061535043,0.2500227093746008
Both the ALU and control section of CPU employ which special purpose storage location?,Buffers,Decoders,Accumulators,Registers,C,False,0.24997794679224314,0.2500096556769779,0.24999463517759857,0.25001776235318046
Systematic errors are,environmental errors.,observational errors.,instrument errors.,all of the above.,D,False,0.25001001271928314,0.2500293261435975,0.24996638417905326,0.2499942769580661
Which of the following is/are the disadvantages of an open loop control system?,Inaccurate.,Unreliable.,both A and B.,none of the above.,C,False,0.2500242000860259,0.2499777082857885,0.2500044102116472,0.2499936814165385
A diode (p-n junction) when reverse biased act as,On Switch,Zener diode,Capacitor,Off Switch,D,False,0.250018000885222,0.2500079867844419,0.24998867500847852,0.24998533732185757
Piezoelectric effect is carried out in,composite filter.,crystal filter.,m derived.,constant k prototype.,B,False,0.25001615298762647,0.25001162278297784,0.2499846816826904,0.24998754254670535
The resistivity of the conductor depends on,area of the conductor.,length of the conductor.,type of material.,none of these.,C,False,0.2500037550417883,0.25000232451292,0.24998921171304367,0.25000470873224806
The smallest change in measured variable to which instrument will respond is,resolution.,accuracy.,precision.,sensitivity.,A,True,0.25002229275980004,0.2499853373161695,0.24999535050972244,0.24999701941430802
"In electronic communications, ""AM"" stands for",Amp Modification,Amplitude Method,Amplitude Modulation,Ampere Method,C,False,0.24996203355560276,0.2500168675146029,0.2499966013894801,0.2500244975403142
Which system is also known as automatic control system?,Open loop control system,Closed loop control system,Either A or B,Nether A nor B,B,False,0.24999570739309446,0.24996328512571123,0.25001811935926727,0.25002288812192697
A combinational PLD with a fixed AND array and a programmable OR array is called a,PLD,PROM,PAL,PLA,B,False,0.24998962836867736,0.24999821122877702,0.2499827146123328,0.25002944579021286
A null type instrument as compared to a deflected type instrument has,a lower sensitivity.,a faster response.,a higher accuracy.,all of the above.,C,False,0.24999856921152566,0.2499873638535687,0.24999475456519563,0.25001931236971
"Length of the cable is doubled, its capacitance C will be",one-fourth.,one-half.,doubled.,unchanged.,C,False,0.2500448251962368,0.2499821177313985,0.24997353542381573,0.249999521648549
Electrons in p-type material of a semi-conductor are called as,either minority carriers or majority carriers,minority carriers,majority carriers,valance carriers,B,False,0.2500204444628518,0.24997681410220787,0.250018298529373,0.24998444290556737
________ is the most detrimental impurity in the magnetic materials,Carbon.,Sulphur.,Oxygen.,Nitrogen.,A,False,0.24996298694321842,0.2499906409333796,0.2500299816213943,0.2500163905020076
Voltage controlled oscillators are used commonly in,Pulse Modulators Frequency Modulators Phase Clocked loops,Frequency Modulators,Phase Clocked loops,All the above,D,False,0.2500008342231036,0.249981761400709,0.2500096558956063,0.2500077484805811
Low frequency supply is necessary for direct core type induction furnaces because,With normal frequeny supply the electromagnetic forces causes severe stirring action in the molten metal.,Magnetic coupling between the primary and secondary circuit is poor.,Both A and B.,None of the above.,C,True,0.2500129340224574,0.2499819399249719,0.2500188948663646,0.24998623118620608
"The moving coil-meters, damping is provided by",the aluminium frame of the coil.,the coil spring attached to the moving.,eddy current disk.,damping vane in the airtight chamber.,A,False,0.2500138281811626,0.24998140356367085,0.24998807887643193,0.2500166893787346
Which of the following is the analogous quantity for mass element in force-voltage analogy?,Resistance.,Inductance.,Capacitance.,All of the above.,B,False,0.2500322468483543,0.24996048389987857,0.24999815091884137,0.2500091183329258
A latch is ________ sensitive,both level and edge,edge,level,None,C,False,0.24997097364405527,0.2500095959528405,0.25000554271427833,0.25001388768882593
What is used to protect the SCR from over current ?,CB and fuse.,Heat sink.,Snubber circuit.,Voltage clamping device.,A,False,0.24998372824915266,0.2500087618239311,0.2500090002509799,0.2499985096759364
The errors mainly caused by human mistakes are,gross error.,instrumental error.,observational error.,systematic error.,A,False,0.2499765759949936,0.24999564842175806,0.2500132917120654,0.250014483871183
Electrical analogous quantity for dash-pot in force-current analogy is,resistance.,conductance.,inductance.,capacitance.,B,False,0.24999713891276126,0.24999308587615676,0.25001025212844663,0.2499995230826354
Which lamp has the best Colour Rendering Index (CRI)?,LED,Fluorescent,Incandescent,High pressure sodium vapour,C,False,0.2500145436624102,0.24998092694733678,0.25000333758845145,0.25000119180180147
Power dissipation in ideal inductor is,Maximum,Minimum,Zero,A finite value,C,True,0.2500123379779481,0.24999350269018925,0.2500166297610039,0.24997752957085878
For intermittent work which of the following furnace is suitable?,Core less furnace.,Indirect arc furnace.,Either of above.,Nither of above.,B,True,0.25000315874591295,0.2500122189305584,0.24997884092635272,0.25000578139717594
In electrical resistance welding material of electrode should have,higher electrical conductivities.,higher thermal conductivities.,sufficient strength to sustain high pressure at elevated temperatures.,all of above.,D,False,0.25003242422633143,0.2500309935334172,0.2499401612962239,0.24999642094402752
Which of the following are the passive elements?,Resistor,Bulb,Both,None of these.,C,False,0.2500048874134102,0.24998223823161325,0.25000441056738476,0.25000846378759184
The main advantage of dielectric heating is that,heating occurs in the material itself.,heating occurs due to high frequency.,it can be used for drying the explosives.,None of the above.,A,False,0.25000417160590044,0.25001037066924847,0.24996745722816238,0.25001800049668876
Materials used in heat sink should have,high thermal conductivity.,large surface area.,high melting point.,All of these.,D,False,0.25000900001030407,0.250011384293295,0.24997419206794916,0.25000542362845174
Conductor is static and the field is varying then emf will be induced. This principle is called,virtually induced emf.,dynamically induced emf.,static induced emf.,none of these,C,False,0.2500230676397196,0.2499937411686708,0.2499834896366304,0.24999970155497925
"Four identical alternators each are rated for 20 MVA, 11 KV having a subtransient reactance of 16% are working in parallel. The short circuit level at the busbar is",500 MVA,400 MVA,125 MVA,100 MVA,A,False,0.249989151555861,0.25001013236076153,0.24997746982537924,0.25002324625799827
"According to the Bohr model, an electron gains or losses energy only by",moving faster or slower in an allowed orbit.,jumping from one allowed orbit to another.,being completely removed from an atom.,jumping from one atom to another atom.,B,False,0.24998474144894578,0.24999713876576682,0.2500040529210393,0.25001406686424804
A three-state buffer has the following output states,"1, 0, float","High, Low, Float",Both A and B,"Set, Reset, Halt",C,False,0.24999123818359797,0.24999910584476492,0.24999982109896723,0.2500098348726698
"By using which of the following elements, mechanical translational systems are obtained?",mass element,spring element,dash-pot,all of the above,D,False,0.2500129343465957,0.24999529108150748,0.2500050662502354,0.24998670832166142
"Four capacitors each of 40 µF are connected in parallel, the equivalent capacitance of the system will be",160 µF,10 µF,40 µF,5 µF,A,True,0.25000572205811905,0.24999547003477643,0.24999427796632362,0.2500045299407809
"The resistance of a conductor of diameter d and length l is R Ω. If the diameter of the conductor is halved and its length is doubled, the resistance will be",R Ω,2R Ω,4R Ω,8R Ω,C,False,0.24999237061337123,0.24999713888490788,0.2499983309670027,0.25001215953471817
A single phase full bridge inverter can operated in load commutation mode in case load consist of,RL.,RLC underdamped.,RLC overdamped.,RLC critically damped.,B,False,0.24998241668890953,0.24999195294321197,0.25002724024736034,0.24999839012051814
A microprocessor is ALU,and control unit on a single chip.,and memory on a single chip.,register unit and I/O device on a single chip.,register unit and control unit on a single chip.,D,False,0.24997991342656684,0.25002497497844894,0.25000733086366045,0.24998778073132388
"To obtain a high value of capacitance, the permittivity of dielectric medium should be",low,zero,high,unity,C,True,0.24998944990249103,0.2499920724099418,0.2500204449311037,0.24999803275646346
Deflection method direct measurements are most widely used as these are,least time consuming.,most simple.,most simple and least time consuming.,most accurate.,C,True,0.2500173442936432,0.24996584761191976,0.2500297432273141,0.24998706486712294
Purely mechanical instrument cannot be used for dynamic measurements because they have,high inertia.,higher response time.,large time constant.,all of the above.,D,False,0.2500000595918408,0.24999982117331854,0.25000363589695945,0.24999648333788121
Advantages of higher transmission voltage is/are,Power transfer capability of the transmission line is increased,Transmission line losses are reduced,Area of cross section and volume of the conductor is reduced,all of the above,D,True,0.2500039337801351,0.24998486072127202,0.2500036953579181,0.2500075101406748
Under over voltage condition impedance offered by the voltage clamping device is,high.,low.,moderate.,infinity.,B,False,0.2500017874968869,0.24997866179901324,0.24999177404550998,0.25002777665858994
A long wire composed of a smooth round conductor runs above and parallel to the ground (assumed to be a large conducting plane). A high voltage exists between the conductor and the ground. The maximum electric stress occurs at,lower surface of the conductor.,upper surface of the conductor.,the ground surface.,midway between the conductor and ground.,A,True,0.25001388768097843,0.2499719272016175,0.25001388768097843,0.2500002974364255
In a dc machine 6 pole wave winding is used. The number of parallel paths are?,6,4,2,1,C,False,0.2500183583502303,0.25000762895654527,0.2499732979908512,0.25000071470237334
Which of the following is a digital device,Regulator of a fan,Microphone,Resistance of a material,Light switch,D,False,0.2500178219680399,0.25001209957971676,0.2499846816196546,0.2499853968325888
Instantaneous power in inductor is proportional to the,product of the instantaneous current and rate of change of current.,square of instantaneous current.,square of the rate of change of current.,temperature of the inductor.,A,False,0.2499725224054762,0.24997967427901685,0.25003832736083415,0.25000947595467277
Which of the following is a variable displacement transducer?,tachometer,potentiometer,synchros,none of the above,B,False,0.24999344342080806,0.2500020264118894,0.24999105930891383,0.25001347085838865
"Five capacitors each of 5 µF are connected in series, the equivalent capacitance of the system will be",5 µF,25 µF,10 µF,1 µF,D,True,0.2499833704698628,0.24998909220062127,0.250013649448903,0.2500138878806129
Susceptibility is negative for,non magnetic substances.,diamagnetic substances.,ferromagnetic substances.,none of above.,B,True,0.24999272794390306,0.25001466277739004,0.2499805692457488,0.2500120400329581
One of the following is the primary function of an oscillator,produces sinusoidal oscillations,generates non sinusoidal waveforms,generates sustained oscillations at a constant amplitude and specific frequency,none of the above,C,False,0.25002968420253663,0.2499998801180134,0.24998152257025832,0.24998891310919158
The metal surfaces for electrical resistance welding must be,rough.,clean.,moistened,coloured,B,False,0.24996501320862433,0.2499890912747415,0.25001221793745315,0.250033677579181
The latching current of SCR is 20 mA. Its holding current will be,23 mA.,40 mA.,10 mA.,60 mA.,C,False,0.25000381441827635,0.2500009533680457,0.24998045013285958,0.25001478208081834
"In force-current analogy, electrical analogous quantity for displacement (x) is",voltage.,inductance.,capacitance.,flux.,D,False,0.24998491979000068,0.25002974379727466,0.24998372777185524,0.25000160864086945
Feedback circuit in an oscillator can be accomplished by,Resistive coupling between input and output,Capacitive coupling between input and output,Inductive coupling between input and output,Any one or combinations of the above methods,D,True,0.24998343008952387,0.2500008340980416,0.24999487368473156,0.250020862127703
"Lowest critical frequency is due to zero and it may be present at the origin or nearer to the origin, then the type of network is",LC circuit.,RC circuit.,RLC circuit.,RL Circuit.,D,False,0.25000619857831213,0.2500174047805111,0.24997973486058453,0.24999666178059224
What is the value of dielectric constant of air?,Less than 1,0.,1.,none of these.,C,False,0.2500017880587961,0.2500075102111045,0.24998939051141736,0.25000131121868213
Temperature variation is a/an,Digital quantity,Analog quantity,Either Digital or Analog quantity,None,B,False,0.24998372751947104,0.24999445588739566,0.2499849195376153,0.250036897055518
The illumination at a point 5 meters below a lamp in 6 lux. The candle power of the lamp is,30,140.,150.,200.,C,False,0.25000441040583654,0.25000655622011214,0.24997675489249493,0.2500122784815564
For a dc machine shunt resistance and armature resistance values are,high and high,high and low,low and low,low and high,B,False,0.2500153186457325,0.24998599308360248,0.24999815204556447,0.25000053622510066
The change of cross sectional area of conductor in magnetic field will affect,reluctance of conductor.,resistance of conductor.,(A) and (B) both in the same way.,none of above.,C,False,0.250019431123028,0.24997580093921912,0.25001847737640687,0.24998629056134605
Which of the following is used in SCR to protect from high dV / dt?,Snubber circuit.,Fuse.,Equalizing circuit.,Circuit breaker.,A,False,0.2500032771152432,0.2499811048799951,0.24997752889718292,0.2500380891075788
"What are the sets of commands in a program which are not translated into machine instructions during assembly process, called?",Mnemonics,Directives,Identifiers,Operands,B,False,0.2500125766498868,0.2499880195069793,0.24998992677148385,0.2500094770716501
Speed of data transmission in 4-G network of telecom is,386 kbps - 2 mbps.,2 mbps.,2 mbps – 1 gbps.,100 mbps - 1 gbps.,D,False,0.24998784079463388,0.2500121594896969,0.2500023840436242,0.249997615672045
Which of the followings is/are active element?,Voltage source,Current source,Both,None of these.,C,False,0.249994337071203,0.24997550313958622,0.2500122186990806,0.2500179410901302
Electrical analogous quantity for spring element (K) in force-voltage analogy is,L,R,1/C,C,C,False,0.24998009247589043,0.24999606575898595,0.2500077483584767,0.25001609340664693
A quartz crystal oscillator consists of,only series resonant frequency.,only parallel resonant frequency.,both series and parallel frequencies.,neither series nor parallel frequency.,C,True,0.2500049463828721,0.25000470795968943,0.25002354409168814,0.2499668015657503
Which of the following oscillators are used for low frequency (LF) applications,LC oscillators,RC oscillators,Both LC and RC Oscillators,None,B,False,0.25002384227141744,0.24997258264360786,0.24999403888326518,0.2500095362017095
The solid angle subtended by an area of 2400 cm^2 on the surface of a sphere of diameter 1.2 m is,3 / 2.,1 / 3.,2 / 3.,2 / 5.,C,True,0.25000029786780115,0.24998551633528868,0.2500076889618137,0.25000649683509657
Relative error is same as,ratio of absolute error and true value.,absolute error.,true error.,none of the above.,A,True,0.25002908808526203,0.24999856881913146,0.2499785425752852,0.24999380052032122
If holding current of a thyristor is 2 mA then latching current should be,0.01 A.,0.002 A.,0.009 A.,0.004 A.,D,False,0.24999183388910076,0.2500247367433754,0.24999159547842317,0.24999183388910076
"In an intel 8085A, which is the first machine cycle of an instruction?",An op-code fetch cycle,A memory read cycle,A memory write cycle,An I/O read cycle,A,True,0.2500209813461441,0.24998426449981068,0.24999308558762467,0.2500016685664206
Which of the following are the disadvantages of a closed loop control system?,Reduces the overall gain.,Complex and costly.,Oscillatory response.,All of the above.,D,False,0.24999463536006014,0.2500137091646974,0.2499834301784251,0.25000822529681743
"Poles and zeros are arranged alternatively on negative real axis, then type of network is/are",LC network.,RC network.,RL network.,Both 2 and 3.,D,True,0.25000137065624817,0.24999803280012312,0.24998444341740916,0.25001615312621955
The magnetisation and applied field in ferromagnetic materials are related,sinusoidally.,non linearly.,linearly.,parabolically.,B,False,0.2499982118422396,0.2500017881209258,0.2500046491807095,0.24999535085612498
Thin laminations are used in a machine in order to reduce,Eddy current losses,Hysteresis losses,Both A and B,Copper losses,A,False,0.2499799121777951,0.24997848178535634,0.24998920992815363,0.2500523961086949
A metal surface with 1 meter radius and surface charge density of 20 coulombs / m2 is enclosed in a 10 m side cube. The total outward electric displacement normal to the surface of the cube is,40π coulombs.,80π coulombs.,10π coulombs.,none of these.,B,False,0.24999743663088914,0.24998766176047849,0.249991714709144,0.25002318689948844
In binary number system the first digit (bit) from right to left is called as,"LSB, Least Significant Bit","MSB, Most Significant Bit",First Bit,Last Bit,A,False,0.24998641026713164,0.25001716648381,0.24999880766671317,0.2499976155823453
In two wattmeter method of power measurement if the total power is measured by one wattmeter only then power factor of the system is,0.,0.5.,1.,none of above.,B,False,0.24997699296673428,0.2500041716608449,0.2499910587640844,0.25002777660833647
A 0 - 100 V voltmeter has a guaranteed accuracy of 2 % of full scale reading. The voltage measured by the voltmeter is 75 V. The limiting error is in percentage,3.33 %.,2.66 %.,2 %.,1 %.,B,False,0.24998926974498617,0.2500178803835808,0.2499587553391962,0.25003409453223685
Which of the following methods is/are used for reactive or voltage compensation,shunt capacitor,series capacitor,generation excitation control,all of the above,D,False,0.25001972934884525,0.25000899989632464,0.24997443034806588,0.2499968404067643
The ROM programmed during manufacturing process itself is called,MROM,PROM,EPROM,EEPROM,A,False,0.25000989324906,0.25003564480071744,0.2499665031161988,0.2499879588340237
In 8085 name/names of the 16 bit registers is/are,stack pointer.,program counter.,both A and B.,none of these.,C,False,0.24999523130083773,0.25001692791913743,0.25000739071213346,0.2499804500678914
Stability of a transmission line can be increased by,shunt capacitor,series capacitor,shunt reactor,both A and B,D,False,0.25003928133974057,0.24997347613331503,0.25000017760710697,0.2499870649198374
Snubber circuit is used with SCR,in series.,in parallel.,either series or parallel.,anti parallel.,B,True,0.2499974964181344,0.2500129939509139,0.24998557589276915,0.2500039337381825
The number of rings in the Bohr model of any element is determined by what?,Column number on periodic table.,Atomic mass.,Row number on periodic table.,Atomic number.,C,False,0.24995124647508846,0.2500241989769684,0.25001919175231085,0.2500053627956323
Silicon and Germanium are ________ elements.,trivalant,pentavalant,hexavalant,tetravalant,D,True,0.24999350255460204,0.24999040321284002,0.2499858734747682,0.2500302207577898
The number of output pins in 8085 microprocessors are,27.,40.,21.,19.,A,True,0.2500329623484609,0.24998480008473412,0.24996978107867074,0.2500124564881342
If P is the power of a star connected system then what will be power of an equivalent delta connected system?,P,3P,P/3,None of the above,A,False,0.2499945164126417,0.2500021457562411,0.2500014304953879,0.2500019073357293
Which oscillators are easy to fabricate in a monolithic IC?,Crystal oscillator.,Hartley oscillator.,Wien bridge oscillator.,Relaxation oscillator.,D,True,0.24999272773601974,0.24998176104095898,0.24999701918244055,0.2500284920405807
"If all the elements in a particular network are linear, then the superposition theorem would hold, when the excitation is",DC only,AC only,Either AC or DC,An Impulse,C,True,0.24996298624489927,0.25000923687957405,0.2500469112452158,0.24998086563031086
The feedback factor of a Wien bridge oscillator using Op-Amp is,1/3,1/4,1/2,1,C,True,0.2500002978612042,0.24999243016252362,0.250014603402275,0.24999266857399724
"The length of bus cycle in 8086/8088 is four clock cycles, T1, T2, T3, T4 and an indeterminate number of wait state clock cycles denoted by Tw. The wait states are always inserted between",T1 & T2,T2 & T3,T3 & T4,T4 & T1,C,False,0.2500072120760539,0.2500086426328892,0.2500000594146618,0.24998408587639512
Which of the following is not a sinusoidal oscillator?,LC oscillator,RC phase shift oscillator,Relaxation oscillator,Crystal oscillator,C,False,0.250023783003235,0.24998992663676262,0.2499923107378548,0.24999397962214764
A wire carrying current is bent in the form of a circular loop. Then the magnetic field around each portion of the wire will be,parallel to the plane of the wire.,perpendicular to the circumference of the wire.,parallel to half portion and perpendicular for the other half.,none of above.,A,True,0.2500118018846803,0.24999368187394716,0.24999320504929456,0.2500013111920781
